0,0,0,0,0,0,0,0,0,0,0,0,0,0,0,0,0,0,0,0,0,0,49,253,253,253,93,56,0,0,0,0,0,156,253,0,0,0,0,0,0,0,0,0,190,0,0,0,0,0,0,0,0,0,0,186,150,0,0,0,0,0,0,0,0,130,253,0,0,0,0,0,0,66,253,198,0,0,0,0,0,55,253,253,133,0,0,0,0,0,0,0,0,0,0,0,0,0,0,0
0,0,0,0,0,0,0,0,0,0,0,0,0,0,0,0,0,0,0,0,0,0,0,0,0,0,0,40,234,0,0,0,0,0,0,0,254,241,98,0,0,0,0,0,129,79,0,0,0,0,0,0,0,0,253,0,0,0,0,0,0,0,245,0,132,14,0,0,0,0,0,0,0,0,0,0,0,0,0,0,0,0,0,0,0,0,0,0,0,0,0,0,0,0,0,0,0,0,0,0
0,0,0,0,0,0,0,0,0,0,0,0,0,0,0,0,0,0,0,0,0,0,0,0,0,0,141,255,255,0,0,0,0,0,0,255,86,0,0,0,0,0,0,0,198,86,0,0,0,0,0,0,0,114,0,141,0,0,0,0,0,0,0,0,0,226,0,0,0,0,0,0,255,170,0,0,0,0,0,0,0,0,0,0,0,0,0,0,0,0,0,0,0,0,0,0,0,0,0,0
0,0,0,0,0,0,0,0,0,0,0,0,0,0,0,0,0,0,0,0,0,0,0,0,0,0,255,255,255,0,0,0,0,0,0,255,128,0,0,0,0,0,0,64,128,0,0,0,0,0,0,0,0,128,255,128,0,0,0,0,0,0,0,0,0,255,0,0,0,0,0,0,255,255,255,191,0,0,0,0,0,0,255,128,0,0,0,0,0,0,0,0,0,0,0,0,0,0,0,0
0,0,0,0,0,0,0,0,0,0,0,0,0,0,0,0,0,0,0,0,0,0,0,0,0,0,0,0,6,0,0,0,0,0,0,0,136,254,253,0,0,0,0,3,253,151,0,0,0,0,0,0,0,0,249,0,0,0,0,0,0,0,92,0,184,0,0,0,0,0,0,0,160,253,108,0,0,0,0,0,0,0,0,0,0,0,0,0,0,0,0,0,0,0,0,0,0,0,0,0
0,0,0,0,0,0,0,0,0,0,0,0,0,0,0,0,0,0,0,0,0,0,0,0,94,253,238,35,0,0,0,0,0,0,253,65,0,0,0,0,0,0,0,0,250,0,0,0,0,0,0,0,0,0,247,0,0,0,0,0,0,0,0,0,253,253,63,0,0,0,0,0,0,0,0,0,253,0,0,0,0,0,0,0,0,0,253,0,0,0,0,0,0,0,0,0,0,0,0,0
0,0,0,0,0,0,0,0,0,0,0,0,0,0,0,254,0,0,0,0,0,0,0,0,253,175,0,0,0,0,0,0,0,0,0,89,0,0,0,0,0,0,0,0,0,253,0,0,0,0,0,0,0,0,0,253,0,0,0,0,0,0,0,0,0,253,0,0,0,0,0,0,0,48,178,248,0,0,0,0,0,0,45,128,164,0,0,0,0,0,0,0,0,0,0,0,0,0,0,0
0,0,0,0,0,0,0,0,0,0,0,0,0,0,0,0,150,29,0,0,0,0,0,0,253,253,57,0,0,0,0,0,0,0,253,0,0,0,0,0,0,0,0,0,16,253,18,0,0,0,0,0,0,0,0,0,253,20,0,0,0,0,253,209,0,0,44,170,0,0,0,0,0,244,253,253,244,0,0,0,0,0,0,0,135,135,0,0,0,0,0,0,0,0,0,0,0,0,0,0
0,0,0,0,0,0,0,0,0,0,0,0,0,0,0,0,0,0,0,0,0,0,0,0,0,0,0,47,101,0,0,0,0,0,0,173,253,253,143,0,0,0,11,253,114,0,0,0,0,0,0,0,0,98,253,47,0,0,0,0,0,0,143,0,0,253,0,0,0,0,0,0,106,253,218,0,0,0,0,0,0,0,0,0,0,0,0,0,0,0,0,0,0,0,0,0,0,0,0,0
0,0,0,0,0,0,0,0,0,0,0,0,0,0,0,0,0,0,0,0,0,0,0,0,0,0,0,25,123,0,0,0,0,0,0,166,254,195,53,0,0,0,0,0,140,0,0,0,0,0,0,0,0,0,28,254,0,0,0,0,0,0,37,172,210,35,0,0,0,0,0,0,0,0,0,0,0,0,0,0,0,0,0,0,0,0,0,0,0,0,0,0,0,0,0,0,0,0,0,0
0,0,0,0,0,0,0,0,0,0,0,0,0,0,0,0,0,0,0,0,0,0,0,0,0,0,0,135,165,0,0,0,0,0,0,179,253,253,143,0,0,0,0,0,253,8,0,0,0,0,0,0,0,0,248,253,0,0,0,0,0,0,253,0,0,149,0,0,0,0,0,0,20,249,254,199,0,0,0,0,0,0,0,0,0,0,0,0,0,0,0,0,0,0,0,0,0,0,0,0
0,0,0,0,0,0,0,0,0,0,0,0,0,0,191,31,0,0,0,0,0,0,0,191,252,252,252,0,0,0,0,0,37,252,134,0,0,0,0,0,0,0,0,0,0,253,78,0,0,0,0,0,0,0,0,0,148,0,0,0,0,0,0,99,0,0,181,144,0,0,0,0,0,210,217,242,252,0,0,0,0,0,0,0,252,252,0,0,0,0,0,0,0,0,0,0,0,0,0,0
0,0,0,0,0,0,0,0,0,0,0,0,0,0,0,0,0,0,0,0,0,0,0,0,0,0,0,0,37,0,0,0,0,0,0,0,243,254,253,0,0,0,0,3,245,0,0,0,0,0,0,0,0,161,234,0,0,0,0,0,0,0,180,0,0,218,0,0,0,0,0,0,153,253,198,0,0,0,0,0,0,0,0,0,0,0,0,0,0,0,0,0,0,0,0,0,0,0,0,0
0,0,0,0,0,0,0,0,0,0,0,0,0,0,0,0,0,0,7,0,0,0,0,0,18,153,254,229,108,0,0,0,0,0,254,0,0,0,0,0,0,0,0,228,254,84,0,0,0,0,0,2,0,0,0,17,254,0,0,0,0,149,39,0,0,0,254,0,0,0,0,0,208,254,254,254,3,0,0,0,0,0,0,4,6,0,0,0,0,0,0,0,0,0,0,0,0,0,0,0
0,0,0,0,0,0,0,0,0,0,0,0,0,0,0,0,0,0,0,0,0,0,0,0,140,140,253,253,237,0,0,0,0,35,253,253,244,73,0,0,0,0,0,0,242,0,0,0,0,0,0,0,0,0,146,0,0,0,0,0,0,0,0,0,0,253,0,0,0,0,0,0,253,253,210,253,0,0,0,0,0,0,73,253,253,218,0,0,0,0,0,0,0,0,0,0,0,0,0,0
0,0,0,0,0,0,0,0,0,0,0,0,0,0,0,0,0,0,0,0,0,0,0,0,0,107,71,253,253,0,0,0,0,0,108,253,253,146,0,0,0,0,0,0,253,88,0,0,0,0,0,0,0,0,0,0,254,0,0,0,0,148,146,0,0,0,253,0,0,0,0,0,10,233,253,253,14,0,0,0,0,0,0,0,0,0,0,0,0,0,0,0,0,0,0,0,0,0,0,0
0,0,0,0,0,0,0,0,0,0,0,0,0,0,0,0,0,0,0,0,0,0,29,254,253,254,253,0,0,0,0,0,0,198,253,0,0,0,0,0,0,0,0,253,83,169,251,0,0,0,0,0,29,254,253,226,0,254,0,0,0,0,0,84,0,0,224,168,0,0,0,0,0,0,85,254,253,0,0,0,0,0,0,85,253,254,0,0,0,0,0,0,0,0,0,0,0,0,0,0
0,0,0,0,0,0,0,0,0,0,0,0,0,0,0,0,0,0,0,0,0,0,0,0,13,65,254,254,0,0,0,0,0,0,254,93,217,5,0,0,0,0,0,168,254,231,0,0,0,0,0,93,0,0,0,0,254,0,0,0,0,26,250,32,0,206,48,0,0,0,0,0,0,39,254,42,0,0,0,0,0,0,0,0,0,0,0,0,0,0,0,0,0,0,0,0,0,0,0,0
0,0,0,0,0,0,0,0,0,0,0,0,0,0,121,64,0,211,107,0,0,0,80,252,15,140,27,0,0,0,0,0,25,252,0,0,0,0,0,0,0,0,0,0,252,0,0,0,0,0,0,0,0,0,2,253,0,0,0,0,0,0,0,85,0,0,252,0,0,0,0,0,222,252,252,161,189,212,0,0,0,0,0,63,76,253,252,0,0,0,0,0,0,0,0,0,0,0,0,0
0,0,0,0,0,0,0,0,0,0,0,0,0,0,0,0,0,0,0,0,0,0,0,0,0,22,128,232,0,0,0,0,0,0,0,252,253,77,0,0,0,0,0,0,252,127,0,0,0,0,0,113,0,0,0,0,255,0,0,0,0,120,126,0,0,0,225,0,0,0,0,0,27,231,252,210,0,0,0,0,0,0,0,0,0,0,0,0,0,0,0,0,0,0,0,0,0,0,0,0
0,0,0,0,0,0,0,0,0,0,0,0,0,0,0,254,254,0,0,0,0,0,0,0,96,126,0,0,0,0,0,0,0,0,96,128,0,0,0,0,0,0,0,0,0,254,0,0,0,0,0,0,0,14,0,0,230,0,0,0,0,0,191,234,0,0,254,0,0,0,0,0,9,205,254,254,17,0,0,0,0,0,0,0,0,0,0,0,0,0,0,0,0,0,0,0,0,0,0,0
0,0,0,0,0,0,0,0,0,0,0,0,0,0,0,0,0,0,0,0,0,0,253,235,235,111,235,0,0,0,0,0,189,239,0,0,0,0,0,0,0,0,0,70,253,253,224,0,0,0,0,0,0,0,0,0,0,226,0,0,0,0,147,0,0,0,0,253,0,0,0,0,159,135,0,0,212,22,0,0,0,0,0,135,242,242,152,0,0,0,0,0,0,0,0,0,0,0,0,0
0,0,0,0,0,0,0,0,0,0,0,0,0,0,0,0,0,0,0,0,0,0,0,0,0,40,196,136,136,0,0,0,0,0,0,254,98,0,23,0,0,0,0,0,253,251,0,0,0,0,0,35,0,0,0,0,193,0,0,0,0,216,180,0,0,244,23,0,0,0,0,0,0,0,0,0,0,0,0,0,0,0,0,0,0,0,0,0,0,0,0,0,0,0,0,0,0,0,0,0
0,0,0,0,0,0,0,0,0,0,0,0,0,0,0,0,0,0,0,0,0,0,0,0,210,221,253,253,0,0,0,0,5,253,105,0,0,0,0,0,0,0,9,185,99,176,253,0,0,0,0,0,0,0,0,0,0,242,96,0,0,135,176,0,0,0,0,112,253,0,0,0,21,246,253,232,253,113,0,0,0,0,0,0,20,66,0,0,0,0,0,0,0,0,0,0,0,0,0,0
0,0,0,0,0,0,0,0,0,0,0,0,0,0,0,0,0,0,0,0,0,0,255,255,141,0,0,0,0,0,0,0,0,141,0,0,0,0,0,0,0,0,0,255,226,255,170,0,0,0,0,0,0,0,0,0,0,86,0,0,0,0,0,0,0,0,0,114,0,0,0,0,0,0,0,0,57,0,0,0,0,0,0,0,226,170,226,0,0,0,0,0,0,0,0,0,0,0,0,0
0,0,0,0,0,0,0,0,0,0,0,0,0,0,0,0,0,0,0,0,0,0,0,0,135,253,253,229,9,0,0,0,0,0,253,42,0,0,0,0,0,0,0,253,204,0,0,0,0,0,0,0,253,253,253,253,253,0,0,0,0,0,0,0,0,79,253,0,0,0,0,0,0,253,101,253,18,0,0,0,0,0,0,88,253,197,0,0,0,0,0,0,0,0,0,0,0,0,0,0
0,0,0,0,0,0,0,0,0,0,0,0,0,0,0,0,0,253,38,0,0,0,0,0,252,252,128,0,0,0,0,0,0,252,56,0,0,0,0,0,0,0,0,151,216,0,0,0,0,0,0,0,0,0,0,128,51,0,0,0,0,0,0,0,0,0,253,0,0,0,0,0,0,252,38,57,253,0,0,0,0,0,0,25,190,252,25,0,0,0,0,0,0,0,0,0,0,0,0,0
0,0,0,0,0,0,0,0,0,0,0,0,0,0,0,0,0,0,0,0,0,0,0,0,0,44,59,254,254,0,0,0,0,0,157,40,151,27,19,0,0,0,0,222,239,86,0,0,0,0,0,0,0,0,0,0,111,0,0,0,0,0,252,19,0,107,51,0,0,0,0,0,0,2,114,5,0,0,0,0,0,0,0,0,0,0,0,0,0,0,0,0,0,0,0,0,0,0,0,0
0,0,0,0,0,0,0,0,0,0,0,0,0,0,0,255,0,0,0,0,0,0,0,0,255,0,0,0,0,0,0,0,0,0,64,0,0,0,0,0,0,0,0,0,255,0,0,0,0,0,0,0,0,0,128,191,0,0,0,0,0,0,0,0,0,64,191,0,0,0,0,0,0,0,255,191,255,0,0,0,0,0,0,0,0,255,128,0,0,0,0,0,0,0,0,0,0,0,0,0
0,0,0,0,0,0,0,0,0,0,0,0,0,0,0,144,0,0,0,0,0,0,0,0,0,209,253,180,0,0,0,0,0,0,77,0,0,0,0,0,0,0,0,0,225,0,0,0,0,0,0,0,0,196,192,45,239,0,0,0,0,0,0,0,0,0,211,0,0,0,0,0,15,56,1,197,4,0,0,0,0,0,0,214,182,0,0,0,0,0,0,0,0,0,0,0,0,0,0,0
0,0,0,0,0,0,0,0,0,0,0,0,0,0,0,0,0,0,0,0,0,0,0,0,0,178,253,211,253,0,0,0,0,0,248,93,0,0,0,0,0,0,0,73,253,0,0,0,0,0,0,2,0,0,0,0,253,0,0,0,0,254,50,0,0,171,89,0,0,0,0,0,59,156,156,32,0,0,0,0,0,0,0,0,0,0,0,0,0,0,0,0,0,0,0,0,0,0,0,0
0,0,0,0,0,0,0,0,0,0,0,0,0,0,0,0,0,0,0,0,0,0,0,0,0,0,254,254,158,0,0,0,0,0,147,0,29,0,0,0,0,0,0,90,254,27,0,0,0,0,0,0,0,0,0,0,250,0,0,0,0,242,116,0,0,26,237,0,0,0,0,0,0,53,254,171,0,0,0,0,0,0,0,0,0,0,0,0,0,0,0,0,0,0,0,0,0,0,0,0
0,0,0,0,0,0,0,0,0,0,0,0,0,0,0,0,0,0,0,0,0,0,0,0,0,0,0,0,0,0,0,0,0,0,0,209,253,253,253,0,0,0,0,0,223,0,0,0,0,0,0,0,0,0,0,61,19,0,0,0,0,0,172,24,0,239,2,0,0,0,0,0,0,0,39,0,0,0,0,0,0,0,0,0,0,0,0,0,0,0,0,0,0,0,0,0,0,0,0,0
0,0,0,0,0,0,0,0,0,0,0,0,0,0,0,0,0,0,0,0,0,0,0,0,228,228,252,0,0,0,0,0,0,0,252,0,0,0,0,0,0,0,0,0,252,253,9,0,0,0,0,0,0,0,0,0,202,0,0,0,0,0,0,0,0,108,33,0,0,0,0,0,0,0,7,179,0,0,0,0,0,0,0,0,252,0,0,0,0,0,0,0,0,0,0,0,0,0,0,0
0,0,0,0,0,0,0,0,0,0,0,0,0,0,0,0,0,0,0,0,0,0,0,0,0,0,148,241,59,0,0,0,0,0,8,254,135,23,23,0,0,0,0,6,254,8,0,0,0,0,0,13,0,0,0,8,228,0,0,0,0,2,244,246,28,93,157,0,0,0,0,0,0,0,1,1,0,0,0,0,0,0,0,0,0,0,0,0,0,0,0,0,0,0,0,0,0,0,0,0
0,0,0,0,0,0,0,0,0,0,0,0,0,0,0,0,0,0,0,0,0,0,0,0,0,0,0,0,0,0,0,0,0,0,0,254,253,238,158,0,0,0,0,0,174,0,0,0,0,0,0,0,0,0,198,195,0,0,0,0,0,0,0,0,0,254,0,0,0,0,0,0,142,142,12,0,0,0,0,0,0,0,0,0,0,0,0,0,0,0,0,0,0,0,0,0,0,0,0,0
0,0,0,0,0,0,0,0,0,0,0,0,0,0,0,0,0,0,0,0,0,0,0,0,236,253,253,253,253,206,0,0,0,77,75,57,0,0,0,0,0,0,33,253,0,0,0,0,0,0,0,0,0,0,88,177,229,0,0,0,0,0,0,0,0,0,253,0,0,0,0,0,44,253,201,221,74,0,0,0,0,0,0,0,10,19,0,0,0,0,0,0,0,0,0,0,0,0,0,0
0,0,0,0,0,0,0,0,0,0,0,0,0,0,0,0,0,0,0,0,0,0,0,75,252,253,252,205,0,0,0,0,5,232,4,0,99,177,0,0,0,0,0,252,99,0,0,0,0,0,0,0,0,253,253,255,0,0,0,0,0,0,0,40,0,253,132,0,0,0,0,0,0,75,140,253,132,0,0,0,0,0,0,62,252,253,0,0,0,0,0,0,0,0,0,0,0,0,0,0
0,0,0,0,0,0,0,0,0,0,0,0,0,0,0,0,97,182,0,0,0,0,0,0,36,209,0,0,0,0,0,0,0,0,254,0,0,0,0,0,0,0,0,110,253,203,165,0,0,0,0,0,0,91,22,0,253,0,0,0,0,0,0,33,0,0,253,0,0,0,0,0,115,253,128,254,8,0,0,0,0,0,0,105,227,72,0,0,0,0,0,0,0,0,0,0,0,0,0,0
0,0,0,0,0,0,0,0,0,0,0,0,0,0,0,0,0,0,0,0,0,0,0,4,17,123,4,0,0,0,0,0,0,0,17,0,0,0,0,0,0,0,0,0,211,0,0,0,0,0,0,0,0,0,62,176,0,0,0,0,0,0,0,0,0,42,3,0,0,0,0,0,0,0,0,0,9,0,0,0,0,0,0,0,239,198,0,0,0,0,0,0,0,0,0,0,0,0,0,0
0,0,0,0,0,0,0,0,0,0,0,0,0,253,132,13,0,11,0,0,0,0,169,180,36,95,238,157,0,0,0,0,228,180,0,0,0,0,0,0,0,0,0,252,231,0,0,0,0,0,0,0,0,0,0,176,252,159,0,0,0,0,84,129,0,0,73,252,0,0,0,70,217,217,217,252,229,0,0,0,0,0,154,252,200,11,0,0,0,0,0,0,0,0,0,0,0,0,0,0
0,0,0,0,0,0,0,0,0,0,0,0,0,0,0,0,0,0,0,0,0,0,0,191,255,0,0,0,0,0,0,0,64,255,255,255,255,255,128,0,0,0,255,255,0,0,0,0,0,0,0,0,0,0,128,255,0,0,0,0,0,0,0,0,0,0,255,0,0,0,0,0,0,255,0,255,64,0,0,0,0,0,0,128,255,255,0,0,0,0,0,0,0,0,0,0,0,0,0,0
0,0,0,0,0,0,0,0,0,0,0,0,0,0,0,0,0,0,0,0,0,0,0,0,0,0,0,56,74,0,0,0,0,0,15,238,254,189,189,0,0,0,0,38,177,0,0,0,0,0,0,0,0,12,207,247,0,0,0,0,0,0,185,162,0,172,0,0,0,0,0,0,210,249,155,0,0,0,0,0,0,0,0,0,0,0,0,0,0,0,0,0,0,0,0,0,0,0,0,0
0,0,0,0,0,0,0,0,0,0,0,0,0,0,243,0,0,0,0,0,0,0,0,0,133,222,0,0,0,0,0,0,0,0,66,0,0,0,0,0,0,0,0,0,236,237,60,0,0,0,0,0,0,0,0,0,254,0,0,0,0,0,0,121,0,34,117,0,0,0,0,0,0,215,183,215,0,0,0,0,0,0,0,2,198,0,0,0,0,0,0,0,0,0,0,0,0,0,0,0
0,0,0,0,0,0,0,0,0,0,0,0,0,0,0,0,0,0,0,0,0,0,29,254,198,198,168,56,13,0,0,0,254,227,0,0,0,0,0,0,0,0,168,0,0,0,0,0,0,0,0,0,56,169,253,253,66,0,0,0,0,0,0,0,0,0,0,254,13,0,0,0,0,13,204,0,45,240,0,0,0,0,0,0,156,253,253,0,0,0,0,0,0,0,0,0,0,0,0,0
0,0,0,0,0,0,0,0,0,0,0,0,0,0,0,0,0,0,0,0,0,0,0,0,0,0,0,0,0,0,0,0,0,0,0,181,254,218,213,0,0,0,0,0,194,0,0,0,0,0,0,0,0,0,0,226,0,0,0,0,0,0,0,0,81,229,0,0,0,0,0,0,161,48,0,0,0,0,0,0,0,0,0,0,0,0,0,0,0,0,0,0,0,0,0,0,0,0,0,0
0,0,0,0,0,0,0,0,0,0,0,0,0,0,0,0,0,0,0,0,0,0,0,0,0,53,71,136,137,59,0,0,0,0,4,255,156,12,0,0,0,0,0,0,253,127,0,0,0,0,0,0,0,0,0,0,241,0,0,0,0,0,0,0,43,254,0,0,0,0,0,0,188,254,254,0,0,0,0,0,0,0,0,0,0,0,0,0,0,0,0,0,0,0,0,0,0,0,0,0
0,0,0,0,0,0,0,0,0,0,0,0,0,0,0,0,0,0,0,0,0,0,0,0,0,155,247,162,121,0,0,0,0,0,254,23,0,0,0,0,0,0,0,68,238,0,0,0,0,0,0,0,0,0,0,234,0,0,0,0,0,0,0,0,5,244,0,0,0,0,0,0,254,254,205,0,0,0,0,0,0,0,129,230,0,0,0,0,0,0,0,0,0,0,0,0,0,0,0,0
0,0,0,0,0,0,0,0,0,0,0,0,0,121,111,0,0,0,0,0,0,0,0,253,44,247,253,252,0,0,0,0,0,253,0,0,0,0,0,0,0,0,0,0,253,112,0,0,0,0,0,0,0,0,0,54,253,240,9,0,0,0,0,0,0,0,223,244,12,0,0,40,253,232,253,242,0,0,0,0,0,96,253,166,23,0,0,0,0,0,0,0,0,0,0,0,0,0,0,0
0,0,0,0,0,0,0,0,0,0,0,0,0,0,0,0,0,0,0,0,0,0,64,251,251,253,251,0,0,0,0,0,251,251,94,0,0,0,0,0,0,0,64,251,0,253,251,32,0,0,0,0,128,253,253,0,0,253,12,0,0,0,0,19,0,0,56,251,0,0,0,0,0,0,251,253,251,16,0,0,0,0,0,0,251,253,42,0,0,0,0,0,0,0,0,0,0,0,0,0
0,0,0,0,0,0,0,0,0,0,0,0,0,0,0,0,0,0,0,0,0,0,0,0,154,223,133,188,0,0,0,0,0,0,253,21,233,8,0,0,0,0,0,0,253,223,109,0,0,0,0,0,0,0,254,179,0,0,0,0,0,0,0,253,13,158,0,0,0,0,0,0,132,190,253,0,0,0,0,0,0,0,112,253,129,0,0,0,0,0,0,0,0,0,0,0,0,0,0,0
0,0,0,0,0,0,0,0,0,0,0,0,0,0,0,0,0,0,0,0,0,0,0,0,0,253,177,191,0,0,0,0,0,0,0,205,17,253,170,0,0,0,0,0,0,253,253,5,0,0,0,0,0,33,253,105,0,0,0,0,0,0,213,253,111,68,0,0,0,0,0,0,253,0,252,0,0,0,0,0,0,0,253,253,244,0,0,0,0,0,0,0,0,0,0,0,0,0,0,0
0,0,0,0,0,0,0,0,0,0,0,0,0,0,0,0,0,114,0,0,0,0,0,0,188,253,45,17,0,0,0,0,0,0,205,64,233,0,0,0,0,0,0,0,252,233,50,0,0,0,0,0,0,0,228,232,0,0,0,0,0,0,0,158,79,138,25,0,0,0,0,0,0,252,70,253,0,0,0,0,0,0,0,137,200,0,0,0,0,0,0,0,0,0,0,0,0,0,0,0
0,0,0,0,0,0,0,0,0,0,0,0,0,0,0,0,0,0,0,0,0,0,0,0,101,245,225,0,0,0,0,0,0,251,23,240,218,0,0,0,0,0,0,254,6,154,0,0,0,0,0,0,0,0,172,108,0,0,0,0,0,0,0,20,29,55,20,0,0,0,0,0,0,127,0,0,126,0,0,0,0,0,0,29,115,254,0,0,0,0,0,0,0,0,0,0,0,0,0,0
0,0,0,0,0,0,0,0,0,0,0,0,0,0,0,0,0,0,0,0,0,0,0,0,95,253,253,253,248,0,0,0,0,27,215,0,253,244,0,0,0,0,0,63,175,186,253,0,0,0,0,0,0,0,77,253,0,0,0,0,0,0,0,0,253,186,0,0,0,0,0,0,11,253,0,253,0,0,0,0,0,0,136,178,194,76,0,0,0,0,0,0,0,0,0,0,0,0,0,0
0,0,0,0,0,0,0,0,0,0,0,0,0,0,0,0,0,0,0,0,0,0,0,0,253,57,249,240,0,0,0,0,0,0,238,0,252,147,0,0,0,0,0,0,131,253,57,0,0,0,0,0,0,0,199,253,0,0,0,0,0,0,0,229,0,78,0,0,0,0,0,0,84,134,0,237,0,0,0,0,0,0,221,241,253,8,0,0,0,0,0,0,0,0,0,0,0,0,0,0
0,0,0,0,0,0,0,0,0,0,0,0,0,0,0,0,0,0,0,0,0,0,0,0,234,184,208,0,0,0,0,0,0,220,54,0,43,50,0,0,0,0,0,32,252,0,252,0,0,0,0,0,0,0,32,255,0,0,0,0,0,0,0,0,252,253,0,0,0,0,0,0,0,244,0,209,0,0,0,0,0,0,0,252,252,0,0,0,0,0,0,0,0,0,0,0,0,0,0,0
0,0,0,0,0,0,0,0,0,0,0,0,0,0,0,0,0,0,0,0,0,0,0,0,252,252,240,253,0,0,0,0,0,16,178,0,91,201,0,0,0,0,0,0,252,38,252,0,0,0,0,0,0,0,184,252,0,0,0,0,0,0,0,170,96,252,0,0,0,0,0,0,86,251,0,206,0,0,0,0,0,0,110,253,252,13,0,0,0,0,0,0,0,0,0,0,0,0,0,0
0,0,0,0,0,0,0,0,0,0,0,0,0,0,0,0,0,86,0,0,0,0,0,0,222,229,246,241,0,0,0,0,0,0,143,63,37,0,0,0,0,0,0,0,237,178,0,0,0,0,0,0,0,0,254,254,0,0,0,0,0,0,0,138,51,193,27,0,0,0,0,0,0,254,113,254,0,0,0,0,0,0,1,255,255,2,0,0,0,0,0,0,0,0,0,0,0,0,0,0
0,0,0,0,0,0,0,0,0,0,0,0,0,0,0,0,0,0,0,0,0,0,0,0,255,255,255,0,0,0,0,0,0,0,255,0,255,0,0,0,0,0,0,0,128,255,191,0,0,0,0,0,0,0,0,255,0,0,0,0,0,0,0,0,255,255,0,0,0,0,0,0,0,255,255,0,0,0,0,0,0,0,0,255,255,0,0,0,0,0,0,0,0,0,0,0,0,0,0,0
0,0,0,0,0,0,0,0,0,0,0,0,0,0,0,0,0,0,0,0,0,0,0,242,3,0,18,43,0,0,0,0,0,255,0,0,194,0,0,0,0,0,0,0,241,142,0,0,0,0,0,0,0,0,19,196,0,0,0,0,0,0,0,0,138,0,253,0,0,0,0,0,0,0,157,0,40,0,0,0,0,0,0,0,174,59,244,0,0,0,0,0,0,0,0,0,0,0,0,0
0,0,0,0,0,0,0,0,0,0,0,0,0,0,37,255,149,0,0,0,0,0,0,0,220,1,0,120,0,0,0,0,0,0,0,0,0,102,209,0,0,0,0,0,77,34,254,7,0,0,0,0,0,0,149,155,0,0,0,0,0,0,0,252,161,244,0,0,0,0,0,0,254,254,254,180,0,0,0,0,0,0,89,254,102,0,0,0,0,0,0,0,0,0,0,0,0,0,0,0
0,0,0,0,0,0,0,0,0,0,0,0,0,0,0,40,0,0,0,0,0,0,0,0,227,0,2,25,0,0,0,0,0,128,31,0,254,0,0,0,0,0,0,164,254,254,1,0,0,0,0,0,0,0,0,224,156,0,0,0,0,0,0,0,107,0,246,0,0,0,0,0,0,0,178,166,2,0,0,0,0,0,0,0,36,212,0,0,0,0,0,0,0,0,0,0,0,0,0,0
0,0,0,0,0,0,0,0,0,0,0,0,0,0,0,0,0,0,0,0,0,0,0,120,39,174,253,0,0,0,0,0,0,238,0,0,64,0,0,0,0,0,0,173,0,0,237,0,0,0,0,0,0,0,254,230,35,0,0,0,0,0,0,45,241,0,253,0,0,0,0,0,0,60,0,0,253,0,0,0,0,0,0,60,62,4,132,0,0,0,0,0,0,0,0,0,0,0,0,0
0,0,0,0,0,0,0,0,0,0,0,0,0,0,0,0,0,0,0,0,0,0,0,0,197,93,119,38,208,0,0,0,0,0,198,0,16,241,0,0,0,0,0,0,47,225,175,0,0,0,0,0,0,0,240,196,0,0,0,0,0,0,0,243,0,196,0,0,0,0,0,0,70,140,229,0,0,0,0,0,0,0,131,252,186,0,0,0,0,0,0,0,0,0,0,0,0,0,0,0
0,0,0,0,0,0,0,0,0,0,0,0,0,0,0,0,0,0,180,0,0,0,0,0,17,253,166,239,0,0,0,0,0,0,242,32,231,0,0,0,0,0,0,21,168,247,0,0,0,0,0,0,0,0,253,202,0,0,0,0,0,0,0,155,0,150,0,0,0,0,0,0,170,223,253,24,0,0,0,0,0,0,81,230,8,0,0,0,0,0,0,0,0,0,0,0,0,0,0,0
0,0,0,0,0,0,0,0,0,0,0,0,0,0,0,151,125,0,0,0,0,0,0,0,214,55,149,240,0,0,0,0,0,0,253,0,0,240,0,0,0,0,0,0,212,227,244,0,0,0,0,0,49,253,164,253,0,0,0,0,0,0,240,0,0,253,0,0,0,0,0,0,253,214,143,253,0,0,0,0,0,0,51,237,253,98,0,0,0,0,0,0,0,0,0,0,0,0,0,0
0,0,0,0,0,0,0,0,0,0,0,0,0,0,0,0,0,0,0,0,0,0,0,0,197,13,0,0,0,0,0,0,0,0,76,10,16,16,0,0,0,0,0,0,0,252,13,0,0,0,0,0,0,0,252,252,0,0,0,0,0,0,0,0,168,252,0,0,0,0,0,0,0,0,0,253,0,0,0,0,0,0,0,0,67,233,0,0,0,0,0,0,0,0,0,0,0,0,0,0
0,0,0,0,0,0,0,0,0,0,0,0,0,0,0,0,0,0,0,0,0,0,0,0,255,128,255,255,0,0,0,0,0,0,255,0,0,255,0,0,0,0,0,0,191,255,255,0,0,0,0,0,0,128,255,255,0,0,0,0,0,0,0,255,0,255,0,0,0,0,0,0,128,255,0,255,0,0,0,0,0,0,0,255,255,64,0,0,0,0,0,0,0,0,0,0,0,0,0,0
0,0,0,0,0,0,0,0,0,0,0,0,0,0,0,0,0,0,0,0,0,0,0,0,253,252,252,46,0,0,0,0,0,0,253,0,37,179,0,0,0,0,0,0,253,62,252,77,0,0,0,0,0,0,212,252,0,0,0,0,0,0,42,252,20,252,0,0,0,0,0,0,253,35,0,253,0,0,0,0,0,0,236,252,253,148,0,0,0,0,0,0,0,0,0,0,0,0,0,0
0,0,0,0,0,0,0,0,0,0,0,0,0,0,0,137,253,14,0,0,0,0,0,0,0,15,0,224,0,0,0,0,0,0,108,0,6,196,0,0,0,0,0,0,184,160,227,0,0,0,0,0,0,0,254,254,0,0,0,0,0,0,7,254,0,254,0,0,0,0,0,0,54,236,202,154,0,0,0,0,0,0,0,233,254,0,0,0,0,0,0,0,0,0,0,0,0,0,0,0
0,0,0,0,0,0,0,0,0,0,0,0,0,0,0,0,0,0,0,0,0,0,0,0,0,224,254,0,0,0,0,0,0,0,184,207,248,0,0,0,0,0,0,0,237,235,0,0,0,0,0,0,0,0,139,163,0,0,0,0,0,0,0,0,249,212,0,0,0,0,0,0,0,4,8,243,0,0,0,0,0,0,0,0,212,195,0,0,0,0,0,0,0,0,0,0,0,0,0,0
0,0,0,0,0,0,0,0,0,0,0,0,0,0,0,0,0,0,0,0,0,0,21,253,224,61,0,0,0,0,0,0,233,253,0,0,0,0,0,0,0,0,0,91,253,102,233,252,232,0,0,0,0,0,113,253,21,0,0,0,0,0,0,0,253,102,102,0,0,0,0,0,0,0,255,253,0,0,0,0,0,0,0,0,255,253,0,0,0,0,0,0,0,0,0,0,0,0,0,0
0,0,0,0,0,0,0,0,0,0,0,0,0,0,0,0,0,0,0,0,0,0,0,68,69,69,69,253,50,0,0,0,0,248,92,0,0,253,6,0,0,0,0,25,252,184,100,0,0,0,0,0,0,9,253,220,137,0,0,0,0,0,0,252,0,0,252,0,0,0,0,0,0,252,0,0,252,0,0,0,0,0,0,165,252,252,13,0,0,0,0,0,0,0,0,0,0,0,0,0
0,0,0,0,0,0,0,0,0,0,0,0,0,0,0,139,172,35,0,0,0,0,0,0,177,40,0,252,16,0,0,0,0,0,126,0,0,252,0,0,0,0,0,0,0,241,179,0,0,0,0,0,0,0,252,253,0,0,0,0,0,0,27,252,0,253,0,0,0,0,0,0,252,198,230,17,0,0,0,0,0,0,19,218,148,0,0,0,0,0,0,0,0,0,0,0,0,0,0,0
0,0,0,0,0,0,0,0,0,0,0,0,0,0,0,67,159,0,0,0,0,0,0,0,216,254,253,0,0,0,0,0,0,4,253,105,253,0,0,0,0,0,0,25,103,254,13,0,0,0,0,0,0,0,253,254,0,0,0,0,0,0,0,9,253,5,253,0,0,0,0,0,0,43,253,254,133,0,0,0,0,0,0,0,180,0,0,0,0,0,0,0,0,0,0,0,0,0,0,0
0,0,0,0,0,0,0,0,0,0,0,0,0,0,34,253,73,0,0,0,0,0,0,113,172,0,253,0,0,0,0,0,0,253,0,0,160,0,0,0,0,0,0,253,253,207,227,0,0,0,0,0,0,175,0,114,234,0,0,0,0,0,0,254,0,0,0,236,0,0,0,0,0,159,253,215,253,109,0,0,0,0,0,0,110,253,88,0,0,0,0,0,0,0,0,0,0,0,0,0
0,0,0,0,0,0,0,0,0,0,0,0,0,0,145,0,0,0,0,0,0,0,0,0,232,254,0,0,0,0,0,0,0,0,121,156,26,167,41,0,0,0,0,0,9,254,10,0,0,0,0,0,0,0,195,254,0,0,0,0,0,0,0,116,0,254,0,0,0,0,0,0,0,254,67,201,0,0,0,0,0,0,0,69,162,0,0,0,0,0,0,0,0,0,0,0,0,0,0,0
0,0,0,0,0,0,0,0,0,0,0,0,0,0,0,0,0,0,0,0,0,0,246,233,31,0,0,0,0,0,0,26,40,0,0,0,0,141,0,0,0,0,190,252,253,240,77,0,0,0,0,0,0,0,23,103,159,66,0,0,0,0,0,0,253,0,0,252,0,0,0,0,0,0,242,29,253,38,0,0,0,0,0,0,253,252,186,0,0,0,0,0,0,0,0,0,0,0,0,0
0,0,0,0,0,0,0,0,0,0,0,0,0,0,0,0,0,0,0,0,0,0,0,0,191,255,128,255,128,0,0,0,0,0,255,0,0,255,0,0,0,0,0,0,255,64,255,0,0,0,0,0,0,0,255,128,0,0,0,0,0,0,0,255,0,255,0,0,0,0,0,0,255,0,255,0,0,0,0,0,0,0,191,255,191,0,0,0,0,0,0,0,0,0,0,0,0,0,0,0
0,0,0,0,0,0,0,0,0,0,0,0,0,0,0,0,0,0,0,0,0,0,92,200,33,33,253,0,0,0,0,0,253,191,16,0,118,0,0,0,0,0,0,0,119,253,0,0,0,0,0,0,0,147,30,0,253,0,0,0,0,0,236,16,0,0,217,122,0,0,0,0,253,220,0,0,250,11,0,0,0,0,2,20,253,253,25,0,0,0,0,0,0,0,0,0,0,0,0,0
0,0,0,0,0,0,0,0,0,0,0,0,0,0,0,0,0,0,0,0,0,0,0,0,0,128,255,255,191,0,0,0,0,0,255,255,0,191,191,0,0,0,0,0,255,0,191,191,0,0,0,0,0,0,0,255,64,0,0,0,0,0,0,191,191,255,0,0,0,0,0,0,255,0,255,0,0,0,0,0,0,0,255,255,255,0,0,0,0,0,0,0,0,0,0,0,0,0,0,0
0,0,0,0,0,0,0,0,0,0,0,0,0,0,0,0,0,0,0,0,0,0,0,0,0,0,0,0,0,0,0,0,0,0,0,0,107,222,156,0,0,0,0,0,0,221,141,111,9,0,0,0,0,67,110,49,0,0,0,0,0,0,192,0,4,45,0,0,0,0,0,0,28,61,0,0,0,0,0,0,0,0,0,0,0,0,0,0,0,0,0,0,0,0,0,0,0,0,0,0
0,0,0,0,0,0,0,0,0,0,0,0,0,0,0,0,0,0,0,0,0,22,0,0,0,0,254,254,35,0,0,0,0,0,91,108,0,186,254,0,0,0,0,0,0,254,254,47,0,0,0,0,0,37,254,254,0,0,0,0,0,0,194,248,0,254,0,0,0,0,0,0,240,139,220,97,0,0,0,0,0,0,21,234,185,0,0,0,0,0,0,0,0,0,0,0,0,0,0,0
0,0,0,0,0,0,0,0,0,0,0,0,0,0,0,0,0,0,0,0,0,0,0,0,243,209,138,252,0,0,0,0,0,0,252,0,0,241,0,0,0,0,0,0,146,209,243,0,0,0,0,0,0,0,253,255,0,0,0,0,0,0,94,252,15,253,0,0,0,0,0,0,226,115,0,253,0,0,0,0,0,0,89,252,252,56,0,0,0,0,0,0,0,0,0,0,0,0,0,0
0,0,0,0,0,0,0,0,0,0,0,0,0,0,0,0,0,0,0,0,0,0,0,0,164,6,80,22,0,0,0,0,0,0,252,0,0,0,0,0,0,0,0,0,248,252,208,122,0,0,0,0,0,0,253,0,0,0,0,0,0,0,0,80,0,90,0,0,0,0,0,0,0,31,1,252,0,0,0,0,0,0,0,0,221,252,0,0,0,0,0,0,0,0,0,0,0,0,0,0
0,0,0,0,0,0,0,0,0,0,0,0,0,0,0,0,0,0,0,0,0,0,0,0,0,253,253,0,250,33,0,0,0,0,253,0,128,253,156,0,0,0,0,253,0,0,253,0,0,0,0,0,0,182,57,244,0,0,0,0,0,0,0,62,253,44,0,0,0,0,0,0,43,253,99,253,0,0,0,0,0,0,125,253,226,17,0,0,0,0,0,0,0,0,0,0,0,0,0,0
0,0,0,0,0,0,0,0,0,0,0,0,0,0,0,0,22,255,30,0,0,0,0,0,0,252,180,0,0,0,0,0,0,0,253,0,0,0,22,0,0,0,0,252,0,0,176,128,0,0,0,0,0,154,231,168,0,0,0,0,0,0,36,252,103,86,0,0,0,0,0,0,252,22,162,190,0,0,0,0,0,0,156,252,147,0,0,0,0,0,0,0,0,0,0,0,0,0,0,0
0,0,0,0,0,0,0,0,0,0,0,0,0,0,0,180,61,0,0,0,0,0,0,0,253,29,50,0,0,0,0,0,0,0,255,0,0,24,97,13,0,0,0,0,253,76,252,4,0,0,0,0,0,0,253,202,0,0,0,0,0,0,0,221,63,252,0,0,0,0,0,0,70,252,70,252,0,0,0,0,0,0,0,221,243,14,0,0,0,0,0,0,0,0,0,0,0,0,0,0
0,0,0,0,0,0,0,0,0,0,0,0,0,0,0,0,128,175,0,0,0,0,0,0,0,254,0,12,7,0,0,0,0,0,60,61,0,0,0,0,0,0,0,0,234,34,253,0,0,0,0,0,0,0,248,205,0,0,0,0,0,0,32,253,0,213,0,0,0,0,0,0,253,4,253,0,0,0,0,0,0,0,247,253,0,0,0,0,0,0,0,0,0,0,0,0,0,0,0,0
0,0,0,0,0,0,0,0,0,0,0,0,0,0,0,34,254,32,0,0,0,0,0,0,250,169,1,64,60,0,0,0,0,0,238,0,0,0,0,0,0,0,0,0,253,0,0,7,0,0,0,0,0,0,0,254,219,71,20,0,0,0,0,13,253,144,4,0,0,0,0,0,253,136,8,249,0,0,0,0,0,0,166,0,253,0,0,0,0,0,0,0,0,0,0,0,0,0,0,0
0,0,0,0,0,0,0,0,0,0,0,0,0,0,0,0,0,0,0,0,0,0,7,39,243,251,251,0,0,0,0,37,251,251,251,251,59,0,0,0,0,253,233,136,251,62,0,0,0,0,0,0,0,206,251,251,117,0,0,0,0,0,0,0,251,179,251,251,131,0,0,0,0,0,95,251,251,251,190,0,0,0,0,0,0,0,0,0,0,0,0,0,0,0,0,0,0,0,0,0
0,0,0,0,0,0,0,0,0,0,0,0,0,0,0,0,0,0,0,0,0,0,0,46,253,246,253,0,0,0,0,0,48,253,22,119,253,0,0,0,0,0,197,253,139,253,0,0,0,0,0,0,0,0,253,253,16,0,0,0,0,0,0,0,253,0,253,0,0,0,0,0,0,0,253,0,253,0,0,0,0,0,0,0,196,148,253,0,0,0,0,0,0,0,0,0,0,0,0,0
0,0,0,0,0,0,0,0,0,0,0,0,0,0,0,0,0,0,0,0,0,0,6,71,253,249,76,231,254,0,0,0,0,229,0,0,80,254,2,0,0,0,0,152,243,42,254,0,0,0,0,0,0,0,178,254,0,0,0,0,0,0,0,36,254,0,254,0,0,0,0,0,0,254,246,254,15,0,0,0,0,0,77,254,254,0,0,0,0,0,0,0,0,0,0,0,0,0,0,0
0,0,0,0,0,0,0,0,0,0,0,0,0,0,0,0,255,17,0,0,0,0,0,0,41,242,0,21,49,0,0,0,0,0,253,0,32,232,16,0,0,0,0,0,254,164,205,0,0,0,0,0,0,0,78,253,0,0,0,0,0,0,0,107,220,151,4,0,0,0,0,0,0,254,118,236,0,0,0,0,0,0,4,253,181,1,0,0,0,0,0,0,0,0,0,0,0,0,0,0
0,0,0,0,0,0,0,0,0,0,0,0,0,0,0,0,41,255,109,0,0,0,0,0,4,254,15,232,181,0,0,0,0,0,254,0,103,116,0,0,0,0,0,0,254,231,23,0,0,0,0,0,0,0,254,185,0,0,0,0,0,0,174,249,0,197,0,0,0,0,0,0,254,254,254,6,0,0,0,0,0,0,61,173,11,0,0,0,0,0,0,0,0,0,0,0,0,0,0,0
0,0,0,0,0,0,0,0,0,0,0,0,0,0,0,0,0,0,0,0,0,0,0,0,0,253,89,0,0,0,0,0,0,0,232,34,0,253,253,0,0,0,0,0,253,119,251,0,0,0,0,0,0,0,240,213,0,0,0,0,0,0,0,253,84,253,0,0,0,0,0,0,50,243,0,253,0,0,0,0,0,0,5,254,253,52,0,0,0,0,0,0,0,0,0,0,0,0,0,0
0,0,0,0,0,0,0,0,0,0,0,0,0,0,0,0,0,0,0,0,0,0,0,0,32,88,0,253,0,0,0,0,0,0,222,0,0,0,2,0,0,0,0,0,229,22,254,24,0,0,0,0,0,0,227,123,0,0,0,0,0,0,0,225,39,0,0,0,0,0,0,0,190,86,250,0,0,0,0,0,0,0,204,199,42,0,0,0,0,0,0,0,0,0,0,0,0,0,0,0
0,0,0,0,0,0,0,0,0,0,0,0,0,0,4,255,0,0,0,0,0,0,0,0,247,0,0,0,0,0,0,0,0,124,0,43,253,0,0,0,0,0,0,35,67,253,252,0,0,0,0,0,0,0,213,0,90,0,0,0,0,0,0,0,231,0,204,0,0,0,0,0,0,97,30,189,134,0,0,0,0,0,0,0,252,129,0,0,0,0,0,0,0,0,0,0,0,0,0,0
0,0,0,0,0,0,0,0,0,0,0,0,0,0,98,194,0,0,0,0,0,0,0,25,0,60,0,0,0,0,0,0,0,0,189,253,0,0,0,0,0,0,0,0,104,65,0,0,0,0,0,0,0,0,195,0,253,7,0,0,0,0,0,128,0,0,0,253,0,0,0,0,0,151,150,150,230,0,0,0,0,0,0,0,253,183,0,0,0,0,0,0,0,0,0,0,0,0,0,0
